0 0.099458 0.657033 0.083394 0.035967
0 0.448736 0.633590 0.026715 0.125241
0 0.257040 0.108221 0.036101 0.120103
0 0.246209 0.698459 0.085199 0.049454
0 0.197653 0.894669 0.061733 0.046243
0 0.275812 0.771034 0.062816 0.035324
0 0.618592 0.688504 0.067509 0.041105
0 0.859747 0.660565 0.097834 0.052023
0 0.564982 0.225112 0.029603 0.082852
0 0.296390 0.412331 0.018773 0.116891
0 0.412455 0.762685 0.061011 0.049454
0 0.512635 0.704881 0.062816 0.043031
0 0.830144 0.552987 0.038628 0.124599
0 0.373105 0.681439 0.062455 0.024406
0 0.611733 0.649326 0.060289 0.034682
